14
0 0 1
16.5 0 0
33 0 1
2.5	25 0
16.5 25 0
30.5 25 0
5 50 0
16.5 50 0
28 50 0
7.5 75 0
25.5 75 0
7.5 93 0
16.5 93 0
25.5 93 0
23
0 1 210000000 21
1 2 210000000 21
0 3 210000000 23
1 3 210000000 22
1 5 210000000 22
2 5 210000000 23
3 4 210000000 21
4 5 210000000 21
3 6 210000000 23
4 6 210000000 22
4 8 210000000 22
5 8 210000000 23
6 7 210000000 21
7 8 210000000 21
6 9 210000000 23
7 9 210000000 22
7 10 210000000 22
8 10 210000000 23
9 10 210000000 21
9 11 70000000 11
10 13 70000000 11
11 12 70000000 12
12 13 70000000 12
9
1 11 0 -4000000 0 0
1 12 0 -1000000 0 0
1 13 0 -4000000 0 0
2 14 360000 120000 0 0
2 15 360000 120000 0 0
2 16 360000 120000 0 0
2 17 360000 120000 0 0
2 8 120000 0 0 0
2 11 120000 0 0 0
5
11 0.74 0.14 0.52 0.12
12 0.74 0.14 0.52 0.12
21 0.25 0.05 0 0
22 0.25 0.05 0 0
23 0.75 0.15 0 0